85
91
98
100
105
119
114
146
186
210
187
127
119
108
88
66
82
70
80
83
65
48
43
39
52
37
28
27
17
19
25
29
36
34
35
35
32
40
27
36
62
74
85
48
2
0
0
19
0
0
0
0
0
0
0
0
0
0
0
0
0
0
110
161
155
228
164
162
173
155
172
63
98
25
65
74
76
77
84
68
54
39
36
28
48
10
7
3
0
0
0
0
0
0
0
0
0
0
0
0
98
117
117
112
114
179
193
210
220
219
177
175
175
128
119
96
86
82
89
131
97
82
54
51
47
38
42
30
22
27
46
25
39
43
54
41
70
74
121
117
91
102
108
70
30
12
0
0
13
0
0
0
0
0
0
0
0
0
0
0
0
0
158
161
155
206
205
153
149
182
160
154
117
106
98
97
84
97
90
64
66
47
51
43
22
12
21
7
19
0
0
0
0
0
0
0
0
0
0
0
104
113
126
121
137
162
223
218
251
215
207
171
201
168
145
126
115
99
98
122
139
116
80
63
58
61
49
62
36
41
42
42
42
84
103
72
62
138
173
121
112
106
125
86
52
14
2
1
0
0
12
0
0
0
0
0
0
0
0
0
2
20
149
135
166
188
215
194
158
233
161
160
152
153
132
125
110
102
96
81
80
62
42
50
26
46
33
41
4
8
0
0
0
0
0
0
0
0
0
0
123
112
110
114
210
151
122
173
248
245
229
176
195
195
182
178
159
121
119
106
98
154
127
86
70
64
61
62
44
50
61
49
53
98
86
109
107
151
174
150
156
126
101
99
59
38
54
8
1
0
0
0
0
4
21
23
17
26
0
1
1
83
144
129
137
175
226
190
173
232
199
208
176
128
132
111
97
106
74
70
75
35
43
72
38
49
44
55
25
0
-1
0
0
0
0
0
0
0
0
0
114
198
133
153
199
212
198
160
287
264
239
217
245
186
187
206
148
143
136
109
95
115
144
80
87
73
70
53
41
49
45
53
68
62
76
111
94
131
145
127
125
97
100
113
74
57
46
35
84
123
88
0
0
0
0
2
0
-1
0
-1
-1
66
77
164
202
184
208
212
167
236
243
187
202
112
133
119
97
57
90
144
138
109
84
62
36
61
64
10
40
29
14
-2
0
0
0
0
0
0
0
0
125
193
168
158
171
196
203
214
246
239
212
236
192
176
229
255
190
136
112
100
132
142
123
84
82
74
72
68
46
44
39
40
61
57
52
85
89
121
128
121
82
108
88
121
93
79
57
45
106
151
174
9
0
0
-1
-1
-1
1
1
11
2
54
127
222
179
234
233
194
207
195
217
187
203
124
148
122
148
115
126
118
100
133
62
88
66
53
56
51
51
28
3
3
6
7
2
6
0
0
0
0
143
141
153
148
166
197
205
199
194
241
211
183
199
193
237
249
179
167
180
200
131
115
122
133
116
98
85
77
57
47
53
80
87
85
81
83
85
83
101
127
90
83
88
59
34
64
52
58
121
172
133
17
0
1
2
1
1
2
9
1
33
53
127
202
231
221
232
230
197
181
190
196
153
209
205
141
131
174
130
117
111
121
55
107
126
128
142
85
98
21
71
40
38
32
36
15
22
40
9
0
132
134
134
156
154
142
189
184
195
205
195
199
189
192
210
177
148
186
205
142
140
150
114
114
127
133
101
67
76
113
100
71
102
108
125
130
76
75
96
90
87
71
65
62
48
49
58
46
68
96
34
-1
-1
4
-1
2
3
2
3
10
51
74
137
189
185
168
195
173
179
190
155
196
202
191
172
161
187
149
199
150
103
139
100
133
161
108
140
96
73
45
38
47
33
23
29
27
9
30
11
6
158
145
131
132
137
137
170
176
180
180
173
190
173
189
174
181
135
174
155
155
135
153
114
139
133
154
110
73
120
115
91
91
134
124
131
114
124
114
83
105
93
104
72
70
124
75
74
71
18
3
0
-1
1
2
3
5
3
3
10
47
72
83
100
126
164
152
161
158
150
178
167
195
161
185
150
202
202
220
205
190
195
182
91
178
178
116
102
102
67
75
47
72
36
22
29
23
58
11
34
30
150
129
138
158
158
131
136
172
170
170
161
165
174
176
178
149
136
157
150
148
125
121
119
126
133
131
138
105
113
129
127
104
145
162
152
135
109
89
100
89
121
123
105
129
153
175
80
127
83
33
2
-1
1
1
2
29
7
5
10
38
71
77
111
130
134
135
143
150
156
163
157
157
162
145
158
157
173
170
183
198
207
147
198
190
165
104
143
117
115
86
81
69
49
30
30
28
43
56
36
22
120
157
149
162
163
152
154
131
147
157
173
179
170
153
142
144
144
142
145
133
135
120
132
180
134
163
217
145
147
125
168
168
183
165
156
148
179
122
107
122
115
89
145
151
146
170
143
132
120
126
76
12
49
43
21
41
43
15
7
37
48
104
101
126
134
115
125
135
144
143
155
154
158
183
152
169
168
159
173
166
189
180
214
227
177
153
127
158
162
90
67
74
109
40
27
87
44
63
60
53
130
113
142
149
155
132
126
142
145
171
183
139
140
142
153
123
123
157
184
148
142
141
129
117
123
125
170
173
191
141
199
165
146
145
154
157
162
177
103
119
154
90
132
104
115
115
159
148
114
101
82
69
49
54
53
61
41
75
7
56
57
72
124
118
118
139
161
161
150
143
166
157
157
142
150
157
162
157
166
164
153
169
197
182
185
170
182
187
140
114
62
61
71
54
52
81
53
77
61
49
115
141
148
149
130
123
122
122
147
167
144
135
135
131
125
158
129
138
125
161
174
140
132
127
115
137
178
126
169
154
169
161
167
130
133
150
125
145
144
122
159
123
116
120
130
112
133
113
107
109
117
132
101
83
84
63
77
11
63
19
48
63
117
115
125
119
137
125
143
155
147
148
141
143
149
140
151
163
160
164
172
166
163
169
147
138
151
149
101
80
70
47
87
84
110
127
90
101
83
56
133
133
124
137
142
145
144
119
135
147
121
136
124
132
132
124
137
121
141
124
124
117
131
121
114
121
166
154
149
179
181
178
156
147
117
128
144
135
136
120
106
108
132
132
140
114
110
152
109
106
139
126
99
98
94
74
62
10
14
65
68
71
97
131
116
104
128
136
130
132
139
150
140
142
148
145
145
144
126
163
159
158
164
163
166
142
157
117
99
74
140
121
139
139
120
116
113
109
111
93
151
144
142
126
139
137
124
120
126
140
124
123
137
123
120
169
150
133
143
132
127
116
114
114
161
132
188
150
141
163
148
178
170
126
139
141
135
138
130
155
132
118
136
106
132
138
118
104
137
132
131
93
90
94
94
74
105
11
12
53
84
80
100
119
118
127
129
140
142
145
171
129
148
149
124
172
141
177
153
156
140
157
156
157
132
139
138
146
134
114
86
85
114
165
151
114
94
98
90
59
143
128
124
129
117
139
146
114
125
121
131
125
124
132
128
169
150
139
138
133
119
148
114
121
144
130
167
137
170
165
141
155
141
169
185
138
121
161
142
138
124
138
150
112
94
114
107
95
123
112
110
121
107
110
112
90
83
62
14
71
80
94
94
88
88
113
108
132
134
119
110
148
157
165
169
176
164
158
143
212
157
137
152
150
151
162
138
158
175
169
168
228
161
205
166
156
107
103
94
105
150
148
148
171
159
125
116
113
125
114
119
115
125
125
136
163
175
154
131
154
126
116
149
155
141
153
164
158
171
180
173
179
130
142
126
156
149
159
157
130
168
168
150
129
165
135
97
106
112
133
111
104
103
103
88
108
92
79
13
17
101
76
90
88
115
114
113
141
133
111
149
121
127
165
165
166
168
176
165
162
177
163
137
152
160
157
141
170
154
178
197
147
157
155
148
132
119
104
92
52
182
138
163
201
161
128
112
111
112
113
113
113
137
129
140
133
137
154
142
165
123
118
142
140
151
150
124
160
145
152
144
165
158
150
140
157
139
167
181
171
163
163
139
188
218
144
120
91
101
98
110
98
101
99
93
91
121
98
56
16
48
81
108
109
92
76
120
138
124
124
122
139
117
171
155
151
157
164
158
163
154
133
164
153
159
170
141
129
143
173
169
127
140
127
148
142
116
144
102
84
149
157
193
172
160
126
131
133
109
110
110
122
116
119
133
127
169
205
173
150
132
120
131
140
144
146
153
151
165
140
146
140
157
151
152
160
147
155
168
160
192
196
225
205
249
211
169
106
134
137
104
93
103
93
95
92
67
68
29
18
57
76
103
105
98
108
117
123
129
116
119
149
127
118
133
153
163
157
165
171
136
127
146
185
171
140
153
148
133
143
139
165
121
136
122
118
124
71
88
92
169
197
173
166
154
131
139
147
132
122
107
118
113
131
140
129
172
154
142
141
129
121
122
134
123
132
133
136
136
138
145
158
171
134
141
153
129
159
162
166
193
200
197
194
215
235
169
133
124
105
98
105
84
80
95
74
95
84
33
30
34
51
87
88
79
104
105
123
100
101
120
138
117
128
141
138
138
139
151
169
163
135
135
151
174
146
151
140
153
140
171
158
155
151
138
94
113
142
130
131
179
202
189
149
164
139
160
172
176
161
117
124
105
119
113
162
168
142
174
173
125
132
119
112
119
118
127
130
129
140
131
129
128
140
141
156
170
163
204
189
207
194
217
172
193
210
156
113
141
152
112
114
86
80
71
73
82
92
57
21
16
22
86
85
91
96
115
105
93
107
122
116
125
134
136
137
128
124
134
140
146
145
127
145
164
131
168
133
140
150
146
157
143
169
128
112
118
119
140
128
171
163
160
203
166
140
156
136
140
168
145
117
104
105
137
147
176
139
118
142
119
119
110
120
118
118
143
122
123
166
138
130
134
136
155
146
178
208
181
181
184
201
182
178
161
160
142
152
155
97
136
108
127
99
70
104
99
90
106
84
91
21
22
25
41
85
97
103
119
82
106
139
130
121
119
120
119
127
110
139
127
143
125
111
139
116
128
121
120
132
150
143
150
189
142
123
121
118
140
119
186
164
182
180
148
150
135
122
136
126
141
115
112
110
156
141
180
145
161
132
116
104
107
139
113
117
115
119
147
116
141
132
125
129
132
139
142
194
196
196
182
163
212
185
159
143
174
147
153
139
117
121
98
90
90
105
110
106
104
106
87
95
89
85
23
88
95
92
103
108
132
131
125
140
118
116
105
113
118
121
111
117
112
110
116
117
116
125
136
122
143
145
127
149
104
125
113
118
119
95
161
160
173
138
140
190
185
120
134
120
112
104
103
119
164
160
177
153
143
136
99
132
109
110
114
111
134
124
115
119
117
121
124
132
140
186
137
177
183
164
182
194
173
192
150
157
152
159
115
73
73
110
115
105
97
101
108
100
98
102
93
95
87
91
26
90
97
89
99
85
114
119
108
129
129
106
115
108
109
107
103
106
100
112
108
89
104
119
118
128
112
116
124
105
101
99
90
120
100
77
178
180
136
141
124
179
148
114
107
108
107
104
102
101
150
140
158
149
99
99
132
97
103
102
124
112
115
112
112
112
117
117
131
129
162
171
136
160
171
199
152
162
163
152
157
164
151
137
135
107
156
105
69
104
94
100
108
93
97
100
103
97
82
95
31
31
61
92
98
64
99
109
117
97
123
103
127
104
98
109
107
97
112
95
68
113
140
141
132
132
151
112
104
110
110
105
92
90
105
102
170
166
160
140
171
115
150
119
122
178
125
114
105
103
113
133
152
124
108
131
116
134
96
112
100
103
106
105
108
116
140
115
118
126
148
173
143
146
171
146
162
154
146
148
149
157
175
146
136
117
133
111
94
96
101
89
92
92
92
87
82
91
87
88
96
97
30
111
119
76
84
92
92
106
95
99
92
92
92
99
102
99
94
98
64
160
153
149
128
134
128
115
107
95
87
87
106
93
92
55
155
162
151
151
141
137
123
126
117
127
126
127
119
110
103
110
100
136
121
134
119
118
107
96
104
99
119
108
125
109
130
139
153
152
180
156
147
150
157
143
181
130
173
144
149
155
155
150
135
136
142
101
105
120
108
61
88
98
97
88
88
84
82
77
38
42
65
31
58
88
85
74
84
55
53
57
74
60
166
92
90
121
101
85
83
84
104
98
121
133
124
116
93
102
74
105
104
96
94
80
184
163
159
175
164
136
131
115
115
127
129
123
152
159
130
127
124
149
144
137
115
108
115
105
98
101
115
142
124
106
137
118
117
133
141
157
138
149
168
147
125
118
125
127
132
137
130
152
137
134
128
96
120
119
122
111
98
54
58
86
80
74
60
53
37
46
41
87
94
69
64
65
84
89
65
81
83
53
52
52
49
49
53
52
48
48
50
85
102
105
109
92
85
98
82
89
85
103
68
98
173
157
150
163
148
130
124
145
130
120
148
149
160
154
143
125
115
119
144
124
111
109
117
120
121
93
117
100
124
111
129
120
114
124
149
178
141
126
129
139
124
123
116
121
120
123
128
124
139
128
124
128
95
121
82
108
100
98
87
52
35
55
40
71
83
81
98
94
75
68
71
69
86
75
103
104
90
106
105
115
100
64
107
116
102
75
43
93
94
76
123
104
64
62
89
68
91
77
97
103
138
157
143
146
137
169
148
118
128
163
149
148
150
159
143
129
125
145
165
125
122
108
113
97
116
106
93
110
105
107
109
110
121
131
142
153
145
125
156
131
122
116
128
119
116
123
119
113
117
128
125
137
133
113
116
108
92
90
82
61
76
58
71
76
68
70
86
74
73
83
83
104
81
106
113
105
101
102
103
92
108
97
107
104
96
103
47
66
70
79
60
71
63
89
60
65
56
50
76
95
143
139
139
125
128
133
120
122
150
159
171
155
139
138
144
134
133
131
139
120
118
115
117
110
97
118
89
109
123
132
110
116
124
119
131
120
124
156
126
140
118
114
115
153
120
126
119
117
113
130
123
145
125
122
110
100
105
73
42
40
100
77
92
74
85
83
90
83
101
99
84
101
81
100
101
99
95
91
94
90
93
88
94
88
88
111
85
42
42
55
45
35
35
41
65
91
89
103
89
84
149
159
132
148
134
141
141
159
162
135
134
135
151
149
138
137
131
130
119
146
137
128
122
122
122
95
102
106
109
119
106
111
108
116
117
115
111
153
135
110
120
130
144
110
113
112
121
119
121
118
115
117
119
109
93
69
82
53
85
85
90
78
92
88
83
86
86
89
85
89
104
102
102
106
114
97
100
91
99
91
82
92
84
81
87
102
89
81
63
60
61
55
59
44
65
27
25
27
72
72
165
148
148
140
144
161
158
152
156
144
140
137
148
145
139
119
121
120
116
126
126
129
123
144
107
89
87
100
86
86
104
105
114
112
107
112
121
101
105
108
103
119
108
112
116
118
116
118
122
118
109
129
140
114
102
108
78
71
94
99
97
81
82
85
82
97
83
89
112
103
123
108
101
98
107
108
99
95
87
92
84
98
81
85
73
74
81
73
82
77
72
63
66
60
61
32
42
23
23
25
170
182
155
146
147
155
149
156
138
139
121
117
132
134
127
127
128
114
122
105
117
117
114
132
105
91
93
87
104
100
85
114
117
118
117
108
107
104
121
100
113
109
111
119
127
126
128
130
126
110
110
105
119
111
96
95
52
87
97
96
95
96
89
83
95
79
89
91
131
111
107
97
105
102
108
131
114
94
93
85
92
72
71
66
86
87
65
71
65
78
66
85
74
66
65
56
52
27
25
21
156
156
145
160
162
153
141
130
165
165
159
132
132
135
120
111
103
100
107
108
97
140
129
127
134
128
110
117
110
107
80
107
120
136
145
130
103
104
97
101
108
114
124
129
137
128
134
139
114
111
95
110
118
103
102
105
50
95
96
84
93
104
92
88
79
85
101
85
112
100
136
144
107
105
111
107
113
106
103
86
97
95
73
75
68
56
84
61
63
67
70
43
69
82
82
80
68
52
51
46
165
168
158
182
154
150
138
146
151
158
160
151
138
109
110
125
126
114
125
107
114
95
92
93
101
129
113
127
112
95
102
125
116
142
131
106
99
102
98
110
109
110
131
138
147
138
147
120
112
70
108
101
103
56
58
64
62
75
95
109
90
92
93
87
76
92
100
92
93
104
154
137
130
127
106
98
115
112
126
79
113
86
90
64
73
76
73
72
92
80
51
49
58
36
35
41
31
58
40
55
169
186
184
155
152
145
156
166
198
171
153
150
144
115
110
119
134
127
131
135
129
121
113
110
104
89
101
100
112
95
107
120
110
117
100
92
98
108
116
123
119
122
131
148
132
153
121
100
109
102
66
83
71
66
67
68
85
92
98
105
84
95
101
98
76
95
107
134
86
107
123
129
112
113
115
115
131
115
94
92
96
71
107
91
77
75
86
94
110
73
94
108
102
79
38
43
79
66
61
58
184
197
178
192
197
154
175
168
181
181
147
142
133
125
147
133
138
164
142
137
123
113
125
109
100
93
84
82
78
87
78
132
113
109
108
82
107
111
126
131
129
133
127
109
130
125
111
94
57
66
82
85
94
71
97
95
95
97
76
94
90
96
105
98
112
104
100
114
105
101
113
114
107
119
118
120
108
113
112
129
101
69
101
92
88
90
101
95
95
101
109
103
122
96
95
92
82
53
84
55
163
174
188
191
169
158
170
172
179
167
146
137
111
126
159
152
166
157
139
133
137
107
104
103
107
104
97
92
101
84
86
100
86
91
95
104
103
109
144
138
135
129
124
118
107
64
66
96
101
104
87
88
85
126
124
115
88
100
103
100
98
107
99
104
91
104
107
95
108
129
125
117
117
117
119
119
136
111
107
99
103
62
141
90
82
98
89
92
90
92
114
98
90
100
113
90
62
80
63
71
175
178
160
159
175
186
163
180
149
137
169
126
121
142
155
188
162
156
140
117
132
136
124
115
111
109
100
102
90
90
91
90
84
90
78
76
65
65
120
113
106
106
106
95
62
59
72
96
115
111
92
123
125
131
133
133
109
115
109
120
101
107
93
88
88
100
103
109
112
111
110
108
114
123
107
113
141
129
105
95
101
64
80
94
90
90
89
89
86
89
100
117
83
84
99
84
50
80
53
82
165
156
159
170
183
190
165
116
127
129
134
118
145
136
179
177
196
171
147
121
171
175
146
137
136
115
107
103
95
92
98
85
82
76
78
75
97
95
70
72
69
66
66
65
74
106
118
116
110
97
131
120
124
126
126
129
122
130
111
127
102
104
99
88
100
102
95
108
108
96
118
101
110
111
117
116
110
102
95
92
74
82
79
83
83
86
89
83
83
87
112
113
103
79
60
55
77
106
78
102
175
173
146
154
184
168
145
138
143
160
145
179
161
185
164
165
172
179
143
138
144
171
158
152
139
123
110
101
104
95
85
84
100
101
93
94
73
72
71
69
70
80
85
81
104
107
114
109
102
105
117
123
124
127
123
127
122
120
118
124
116
137
98
99
102
95
99
103
111
96
100
107
96
103
112
108
104
102
95
83
79
82
60
116
84
80
91
80
80
117
110
77
73
88
85
60
75
84
78
80
146
153
151
145
129
146
174
174
145
134
159
172
175
165
148
157
181
167
139
140
154
198
189
166
157
147
134
105
105
96
89
86
107
101
93
91
113
86
85
85
72
84
90
100
103
103
107
87
96
104
119
124
121
142
125
126
121
128
124
101
129
99
97
87
85
98
104
110
98
97
85
89
94
102
98
99
98
96
92
81
64
103
68
91
74
88
79
77
80
120
112
74
84
83
60
65
77
67
74
115
134
130
130
125
153
156
174
174
159
168
156
169
164
166
148
143
137
156
167
137
168
174
194
179
180
149
132
119
108
94
87
116
112
106
96
98
92
88
88
93
91
85
93
97
115
91
90
102
111
112
112
101
127
121
120
132
115
119
118
95
117
90
88
87
83
81
81
85
96
91
88
90
113
95
124
89
90
75
84
79
99
57
65
70
71
77
75
71
101
87
97
88
85
83
58
72
63
87
137
92
129
133
149
156
149
152
157
166
187
191
168
177
161
166
168
156
160
157
164
151
146
193
188
177
164
134
143
108
116
90
87
102
107
96
98
91
97
93
89
91
92
91
91
92
94
93
90
95
111
110
109
104
109
118
151
135
122
111
109
95
93
91
118
91
140
114
100
110
79
93
88
80
72
92
91
75
71
72
77
77
85
75
97
70
81
64
72
72
80
103
131
98
84
58
57
75
73
130
125
89
130
148
153
166
177
160
153
177
157
164
163
158
161
167
167
155
180
164
165
159
143
159
169
159
157
129
135
128
94
86
106
108
115
127
120
108
103
99
96
99
95
94
84
88
88
89
88
91
103
105
97
97
98
119
124
115
110
112
117
96
95
103
124
109
123
112
101
98
100
89
89
82
86
76
71
86
69
68
66
99
82
83
81
86
71
75
65
66
64
63
84
76
56
58
61
77
57
121
89
83
152
136
145
143
149
151
164
149
153
152
161
156
158
163
177
158
170
157
161
185
159
142
164
155
136
120
149
111
88
113
124
119
116
122
140
159
137
132
120
111
116
96
101
96
107
105
99
119
107
109
103
116
109
104
108
107
101
104
104
98
111
104
166
160
113
115
113
110
101
99
96
100
77
80
109
103
97
92
81
91
82
80
114
83
76
67
88
66
71
66
60
61
59
64
69
53
53
91
108
61
143
148
155
144
159
161
158
146
144
148
167
156
155
160
167
172
178
197
178
209
165
145
137
153
146
143
152
94
93
113
116
118
131
146
177
172
162
161
156
152
119
127
115
114
112
116
127
124
124
117
133
127
116
118
120
108
108
119
114
102
115
117
117
132
131
136
121
108
118
112
93
92
100
125
96
108
94
109
101
97
92
77
82
93
85
85
72
112
72
76
62
74
59
70
66
57
55
53
51
68
144
144
152
142
142
148
152
148
164
149
152
155
155
178
166
165
169
181
173
177
190
162
149
158
163
139
108
95
93
115
113
117
125
160
180
200
174
191
170
157
132
138
130
140
170
183
156
143
151
141
142
143
141
143
133
123
112
116
112
109
123
130
140
177
141
120
119
123
118
96
96
114
134
120
130
127
116
111
108
91
93
108
98
87
70
100
106
127
105
89
78
69
66
77
71
69
77
99
147
138
168
154
163
157
143
149
148
150
151
148
152
181
181
158
166
161
163
175
177
178
199
163
181
144
130
159
121
95
97
137
128
128
129
149
170
171
197
204
176
174
131
144
182
168
202
197
153
194
173
161
172
185
172
159
172
147
165
139
130
114
138
116
141
168
129
129
124
129
119
102
116
123
142
144
141
140
133
127
125
112
120
131
123
104
126
76
106
131
114
134
65
63
61
56
101
65
60
136
95
115
154
155
154
168
148
155
156
158
149
148
152
160
155
156
165
161
168
188
180
166
188
180
176
143
145
123
119
99
104
123
133
131
148
167
203
180
184
171
187
149
136
171
148
159
185
203
198
187
182
209
223
197
172
159
164
134
128
125
138
149
119
120
137
143
142
123
130
131
123
132
128
144
148
154
144
143
134
143
132
144
126
123
118
107
110
118
96
95
96
117
104
66
82
86
106
101
61
65
68
72
169
164
162
153
157
158
152
155
173
152
148
147
169
156
164
150
192
168
189
185
201
177
175
148
135
135
100
101
101
121
131
140
149
163
179
176
197
168
157
166
144
184
161
184
175
213
212
232
229
249
216
199
185
172
151
149
144
136
139
118
119
144
137
132
144
125
114
146
100
127
139
154
144
176
150
146
131
130
127
127
128
115
101
93
89
85
96
85
89
88
97
120
99
76
68
65
73
69
71
110
171
157
156
159
166
161
156
157
156
163
140
158
161
146
174
157
187
178
169
189
154
185
170
171
153
109
102
104
124
125
112
150
149
151
143
163
187
176
160
186
148
147
150
177
231
224
213
221
218
211
203
183
162
178
188
152
151
145
143
141
129
139
137
137
141
125
138
115
140
128
133
153
155
152
153
149
122
111
128
125
115
111
95
98
108
100
83
96
97
88
83
87
80
70
68
67
90
85
115
127
154
153
173
157
161
155
159
152
165
157
141
143
155
169
156
162
180
191
195
172
172
153
143
160
111
105
120
135
159
134
118
111
152
129
138
170
152
161
173
161
181
166
182
201
204
201
227
210
220
198
200
189
191
196
173
181
170
172
180
152
123
152
152
141
142
127
156
119
144
141
127
133
173
135
135
163
121
117
101
112
118
101
104
91
108
153
99
106
91
79
74
75
73
71
89
137
134
136
148
169
174
159
172
157
156
153
170
153
151
144
152
158
137
133
143
152
171
147
200
146
166
136
137
111
108
110
149
128
149
146
134
144
137
135
122
162
157
163
159
155
174
176
187
205
217
196
201
191
190
217
230
187
205
179
205
175
188
170
173
128
137
157
156
164
144
140
125
123
135
147
183
144
142
122
132
167
163
114
100
97
109
104
98
88
91
137
91
99
85
81
79
74
141
135
154
142
153
141
137
136
160
164
174
185
173
158
162
177
148
157
154
148
139
140
153
135
125
125
120
139
123
118
113
110
115
138
156
117
151
143
136
141
154
163
198
167
156
157
146
157
193
205
179
181
178
187
205
201
210
244
225
229
200
192
197
175
182
194
135
132
144
164
183
214
151
145
120
145
148
147
125
122
117
119
124
118
134
154
105
98
113
91
103
87
140
85
108
103
84
108
86
86
192
155
138
129
128
137
161
131
158
189
196
204
190
169
184
158
153
158
180
143
171
156
154
173
171
171
167
138
130
114
113
140
161
160
159
153
124
140
143
147
170
182
175
172
161
157
191
175
171
146
171
153
185
183
176
202
206
229
229
202
188
191
189
173
159
153
150
160
161
162
173
185
154
159
139
134
167
168
154
159
144
139
136
113
110
116
123
112
92
95
88
88
87
107
142
105
118
154
131
139
177
166
134
168
166
156
134
139
174
176
167
179
168
181
179
166
153
180
176
151
161
148
168
165
191
198
149
133
119
124
157
169
185
159
170
163
149
149
168
153
145
159
162
166
174
190
174
199
176
178
206
201
208
178
204
199
213
224
224
192
201
192
187
220
146
154
147
174
166
177
182
166
156
154
144
137
165
180
161
140
155
130
133
119
125
188
160
118
111
91
91
88
93
120
153
89
92
116
178
220
175
143
142
153
164
153
141
150
175
182
173
167
174
183
183
174
168
182
153
176
198
162
183
154
146
145
146
142
178
166
177
173
189
184
174
174
174
161
184
196
174
156
185
170
183
187
203
183
200
188
212
211
197
197
215
201
214
214
224
226
232
181
197
180
148
162
151
169
177
171
168
174
173
155
138
150
177
233
200
158
148
188
151
156
146
184
149
105
96
95
95
107
129
115
139
91
97
112
129
142
163
163
146
172
153
168
163
157
175
195
181
177
173
176
172
172
170
165
186
186
195
189
194
180
176
182
209
149
175
166
173
167
168
176
177
179
183
178
191
195
170
168
175
184
258
301
238
199
180
195
209
213
193
167
178
192
213
218
216
207
222
200
176
167
161
158
168
164
169
169
173
166
171
161
146
174
169
206
230
175
182
208
232
186
196
183
138
114
114
120
145
129
154
129
99
95
119
114
128
148
185
170
157
138
151
181
175
167
211
210
195
181
191
171
183
168
177
193
181
188
213
193
200
215
212
156
194
214
119
153
153
159
167
167
168
175
183
183
185
182
177
177
187
295
237
271
252
194
198
193
190
188
191
195
213
204
195
212
238
210
201
190
168
168
164
177
169
174
166
176
191
180
177
181
169
180
183
175
182
232
170
191
215
203
186
226
205
151
194
194
205
190
144
121
118
108
112
119
147
172
134
152
135
184
189
214
175
187
185
182
182
181
181
180
172
162
172
180
196
170
195
206
244
220
195
197
207
211
132
121
175
172
144
157
160
169
174
194
206
202
194
196
232
319
311
263
224
228
214
223
223
202
219
194
230
215
197
231
230
201
203
194
178
253
181
182
173
213
175
173
184
181
188
172
179
159
175
190
176
171
198
195
181
158
161
152
186
192
166
150
119
107
115
116
139
104
98
132
108
125
124
133
173
174
244
216
218
186
195
200
221
187
179
174
169
174
213
183
220
207
175
233
229
216
213
216
177
157
137
127
144
167
181
184
177
177
203
183
203
207
240
239
302
373
305
300
246
242
231
236
223
204
223
198
213
214
220
219
235
209
215
209
191
211
191
199
174
186
208
208
185
178
180
197
161
170
188
226
182
174
168
176
175
157
158
137
155
133
127
112
110
146
104
104
104
126
111
116
130
121
174
173
195
198
276
230
218
189
182
242
245
232
197
176
170
185
196
212
225
223
221
187
201
228
249
221
164
155
159
128
162
167
171
174
205
207
212
211
203
241
236
300
398
297
293
285
277
254
236
231
218
218
201
203
242
222
220
236
229
208
232
226
223
244
221
200
219
193
201
211
258
198
192
173
184
190
190
209
173
167
157
178
160
182
133
135
133
130
118
110
115
134
138
141
123
158
135
152
167
144
185
204
213
215
262
261
210
204
194
198
236
193
197
194
200
212
212
231
274
238
214
223
214
203
216
188
210
205
215
174
166
180
197
193
201
213
212
236
278
262
245
235
266
310
327
276
284
265
232
256
249
252
233
192
217
241
240
235
229
245
229
214
215
221
216
202
203
192
197
227
215
192
242
205
190
174
204
202
175
168
163
150
152
169
129
125
123
133
120
127
121
127
136
146
155
152
156
152
172
187
193
281
303
251
250
261
278
267
206
249
242
213
185
195
193
223
199
221
259
288
224
226
232
216
234
212
208
189
205
132
164
190
202
189
222
239
233
272
225
339
300
260
297
323
278
275
246
313
255
239
231
233
244
216
217
237
271
243
229
221
220
205
195
207
213
210
212
230
253
211
209
190
260
212
182
178
171
172
183
171
174
164
152
141
133
129
123
121
130
128
133
138
141
157
162
167
174
234
203
198
310
359
418
331
330
296
325
449
223
240
203
210
181
238
273
271
242
276
279
231
217
266
238
234
253
189
199
183
200
139
174
186
163
205
212
223
209
236
262
330
376
363
409
358
280
291
324
264
293
242
237
241
250
215
243
238
254
227
215
211
221
219
223
227
221
230
228
209
229
242
233
265
247
202
179
179
188
159
175
175
151
142
150
140
154
126
130
132
134
137
143
140
163
154
166
181
213
215
299
231
303
376
338
354
433
305
379
404
206
205
194
190
182
263
265
214
242
275
281
259
231
242
237
263
199
244
264
247
214
131
199
175
186
198
170
214
271
260
299
284
311
337
306
405
295
270
271
241
273
235
226
236
217
206
227
221
240
249
217
221
237
229
230
239
227
263
261
256
232
247
268
248
226
219
192
194
192
174
163
149
162
150
160
130
148
136
138
138
139
137
147
156
166
184
186
206
227
236
252
263
393
529
433
519
429
315
399
411
261
280
258
246
265
186
256
268
262
279
252
221
230
282
275
266
257
219
183
226
197
137
203
189
205
202
257
252
289
296
236
342
521
337
292
308
287
247
267
252
247
255
256
251
241
244
218
223
239
241
220
236
234
250
246
246
251
276
294
235
254
255
242
238
229
227
208
199
190
175
159
150
149
146
135
134
147
147
160
146
147
148
150
199
351
211
196
214
247
261
361
379
389
496
409
430
383
346
484
568
231
205
254
312
213
224
204
280
218
215
235
312
303
292
288
276
252
218
236
181
137
177
197
205
190
229
265
273
312
487
328
389
297
304
329
264
307
276
346
254
235
292
249
245
251
242
225
220
253
235
235
242
233
269
243
277
293
290
270
304
246
238
252
290
238
215
210
197
187
181
169
172
141
139
151
149
158
153
144
151
150
171
159
174
370
249
246
231
289
361
395
553
566
579
867
409
395
373
573
667
264
257
250
215
206
213
196
200
229
240
310
273
313
284
248
241
217
199
198
172
156
192
213
207
190
201
257
304
300
304
291
377
346
311
263
249
292
228
229
244
246
241
252
250
276
247
233
244
234
243
250
270
294
311
266
265
274
273
283
247
251
255
277
263
256
237
199
183
194
180
159
144
155
147
167
160
159
159
163
161
164
162
168
191
334
245
242
264
413
484
460
561
568
456
561
553
579
983
1308
1398
203
231
218
220
223
228
210
232
267
223
281
276
259
260
225
218
217
205
183
157
143
141
198
215
248
259
257
281
309
252
334
267
259
280
281
264
259
272
210
254
230
232
252
257
267
257
271
247
256
255
272
310
324
296
267
279
306
298
263
265
251
265
245
232
230
213
181
173
168
155
150
149
153
150
151
161
170
176
178
200
182
221
259
220
383
260
289
547
419
462
676
591
487
604
551
850
1004
1417
734
914
235
231
218
251
216
258
257
262
225
243
260
228
245
240
210
209
202
181
153
149
144
142
142
194
194
236
196
309
298
271
222
253
272
279
292
281
271
266
224
262
292
269
257
279
278
281
269
257
260
308
353
366
346
287
283
279
324
279
293
294
261
240
240
229
213
208
188
178
159
172
153
166
170
155
194
166
175
180
195
208
265
244
279
271
332
379
547
884
583
610
709
527
590
689
551
846
983
1016
911
557
255
251
327
302
282
357
312
286
238
256
239
243
225
222
206
175
180
160
153
150
166
145
145
147
186
197
209
235
229
258
246
287
290
261
249
259
279
209
220
250
269
272
274
285
308
262
257
283
311
357
342
372
338
284
303
355
346
297
273
266
263
246
237
223
212
184
181
181
171
153
175
213
186
169
219
166
185
204
266
249
230
227
329
297
313
347
609
485
644
432
444
538
670
528
431
574
692
507
486
523
242
281
285
300
293
308
279
293
238
233
208
226
234
207
197
186
199
155
167
185
154
151
148
143
183
189
211
188
222
197
247
224
240
217
212
271
221
202
252
220
260
274
295
255
300
273
297
325
302
321
389
316
303
325
352
315
313
301
280
258
240
234
234
247
207
203
194
185
164
158
174
204
222
201
203
168
188
227
266
284
247
321
285
278
367
425
484
584
413
400
535
521
531
543
449
416
484
442
422
558
272
281
310
325
323
326
258
248
218
206
201
222
214
208
167
193
155
162
179
162
171
149
151
162
152
153
167
178
186
206
195
198
193
212
212
229
249
187
230
219
219
272
273
276
289
302
293
316
357
367
399
322
337
314
326
313
312
306
285
268
265
265
247
255
233
236
231
256
180
161
210
197
184
190
201
199
197
203
233
291
242
275
235
248
344
386
349
333
414
550
546
484
495
373
509
517
450
520
493
479
311
275
328
313
285
281
235
212
208
244
205
179
195
190
205
188
171
189
192
188
190
180
155
153
153
155
155
188
171
169
178
199
215
309
229
227
246
200
270
264
338
304
272
293
333
305
312
394
412
425
349
325
334
304
310
304
285
315
289
273
282
264
247
237
255
290
303
201
162
173
174
177
185
209
208
234
187
194
199
206
226
247
304
436
524
287
366
404
724
788
506
483
426
433
473
449
360
641
501
404
254
291
299
289
271
256
232
208
197
206
217
210
205
202
210
170
174
185
181
179
201
207
192
169
173
158
157
159
159
172
193
209
255
228
219
201
178
281
311
300
284
239
326
390
324
362
416
372
465
435
357
341
344
290
287
343
280
313
316
279
248
219
220
225
237
208
193
181
172
187
177
194
212
243
267
272
256
244
271
233
241
344
615
566
388
322
332
499
550
602
597
479
336
315
335
300
402
331
317
379
270
320
278
334
244
232
222
203
215
237
237
221
183
176
159
189
176
194
202
205
181
195
211
186
186
166
162
161
160
165
164
165
171
182
183
174
184
250
260
210
256
332
336
320
341
401
470
427
349
322
309
325
360
295
268
307
263
282
297
259
275
222
241
218
218
189
175
169
200
200
203
220
239
254
274
297
271
296
314
322
326
468
505
477
359
352
396
811
766
826
574
397
295
288
251
316
307
294
278
246
332
366
329
272
249
217
218
243
247
245
199
206
191
166
170
190
197
232
219
204
209
192
227
237
202
176
168
164
163
164
173
168
167
170
171
206
236
227
243
260
277
313
302
273
319
356
429
429
406
392
314
294
283
274
286
256
290
288
283
233
219
255
251
233
203
182
172
199
199
216
237
235
216
253
332
361
376
396
536
395
511
649
516
633
512
352
555
756
1054
720
474
322
263
286
252
252
293
264
269
272
288
319
271
236
248
214
222
225
237
225
190
213
172
187
233
218
199
231
249
202
239
238
208
207
208
173
197
184
173
168
166
169
170
171
174
223
208
211
243
226
278
226
256
282
325
338
458
453
415
431
355
281
272
268
249
292
306
284
236
231
260
251
222
238
207
176
207
223
250
264
248
275
276
301
366
466
520
522
458
600
1000
1101
654
1084
536
402
772
708
764
614
371
312
284
275
256
238
261
266
245
229
318
295
244
248
216
235
222
258
254
200
208
181
171
218
230
238
249
211
229
240
245
227
241
237
202
176
214
195
228
201
192
200
181
176
180
177
222
247
204
204
230
286
239
337
323
381
459
402
436
466
392
316
303
247
261
295
304
283
301
263
257
257
250
237
220
179
220
212
276
258
259
304
290
460
536
727
730
1063
575
778
768
811
803
1295
520
484
836
742
574
435
347
322
296
262
248
238
235
257
242
243
358
287
243
259
215
211
216
226
209
185
187
169
176
188
212
222
222
207
223
225
215
233
218
223
193
187
203
232
214
219
238
208
198
180
177
179
179
184
182
237
231
227
283
284
302
285
245
286
267
288
301
285
261
233
266
255
268
280
289
284
259
263
218
247
245
182
251
254
245
253
288
282
378
354
576
648
555
935
876
1208
1023
668
755
819
586
463
521
524
477
454
346
284
253
299
315
265
225
238
287
234
311
277
233
246
239
215
203
195
199
192
182
178
183
181
186
189
192
192
195
210
212
222
230
201
195
190
189
214
221
261
251
237
189
191
188
186
191
183
185
203
188
202
220
215
213
234
239
355
313
373
381
256
267
233
258
240
263
270
266
261
252
251
270
266
264
203
217
231
224
261
301
327
319
527
589
644
825
951
1398
1139
682
522
514
572
544
718
565
422
408
449
432
308
278
282
246
224
238
221
228
217
278
265
252
233
238
212
203
196
185
186
178
208
204
203
212
249
223
263
210
224
243
283
295
250
217
275
236
196
221
237
237
250
193
199
223
196
196
190
195
219
209
204
195
197
243
247
207
236
237
311
220
222
234
238
233
240
256
276
275
262
285
285
287
257
258
189
217
237
244
304
303
307
331
501
542
593
616
813
1065
554
413
534
366
691
524
638
539
359
517
488
347
294
312
239
230
226
223
219
224
210
266
255
228
217
206
198
227
203
184
185
255
231
199
225
243
363
354
235
301
206
238
340
311
357
276
319
433
200
212
273
236
296
239
197
222
211
230
213
202
201
227
264
280
308
260
263
215
211
215
234
291
249
277
271
251
257
255
254
250
259
272
312
255
229
195
204
220
293
270
297
264
312
397
559
646
544
622
631
777
928
613
357
355
505
546
561
412
387
381
320
377
261
265
262
250
238
251
245
276
302
259
252
234
215
234
229
198
186
196
211
214
232
246
259
343
351
361
252
301
272
298
220
347
345
320
319
260
202
318
356
292
260
315
205
319
248
259
260
281
290
213
236
325
367
313
292
286
316
372
339
267
260
300
264
280
247
245
254
254
261
262
268
221
204
194
223
264
234
232
243
273
327
405
498
552
531
642
600
691
497
444
433
295
504
593
521
376
491
488
441
322
287
394
291
276
288
304
351
401
266
245
282
261
234
240
197
203
190
201
245
244
336
349
411
341
405
374
282
293
407
331
271
226
288
283
339
208
286
265
298
297
240
401
212
293
272
283
314
380
273
260
309
253
280
284
381
305
311
329
320
321
309
336
281
330
292
321
261
279
262
266
273
221
273
215
287
214
321
433
353
330
410
558
541
633
689
683
681
551
302
442
579
274
376
413
354
368
426
609
379
339
429
385
396
395
356
435
533
407
288
275
237
246
213
201
216
212
192
219
248
228
340
321
316
242
234
293
420
404
425
402
397
287
254
277
330
217
376
292
331
373
276
303
332
470
223
333
497
391
303
286
385
305
354
375
450
361
419
384
346
639
418
517
473
667
355
375
321
283
292
282
261
270
281
243
236
237
340
439
456
517
509
499
521
605
621
615
525
364
253
324
314
308
528
515
379
502
444
517
415
424
510
496
489
430
543
578
586
366
342
235
298
283
225
249
265
251
227
198
290
344
284
315
408
399
416
268
439
345
294
389
368
334
253
261
285
248
315
336
333
350
288
362
476
413
265
325
298
358
460
466
384
418
714
337
686
743
513
383
511
527
877
686
605
873
419
696
463
331
329
323
293
275
279
258
250
223
259
270
413
520
462
518
547
691
643
541
471
249
237
239
305
295
535
409
355
618
476
565
504
517
634
669
584
588
594
605
409
434
502
250
249
263
237
275
287
243
252
207
238
440
401
490
376
378
392
256
383
311
288
322
286
261
259
240
312
254
323
258
340
332
312
343
487
535
301
459
698
516
486
565
857
621
372
405
553
796
628
435
630
451
664
389
345
357
482
757
510
434
441
333
363
318
306
349
287
269
232
268
284
362
460
570
633
546
607
548
299
226
234
237
285
323
302
433
547
635
455
523
600
554
703
768
646
619
603
489
551
560
524
280
271
284
283
305
318
328
263
252
230
352
303
470
441
428
264
375
350
303
353
286
293
291
299
329
270
306
347
318
285
408
387
307
517
427
273
375
543
665
589
964
695
588
454
873
506
447
692
598
534
1059
738
415
393
393
834
954
729
447
448
352
389
425
347
315
349
299
316
276
275
464
549
580
587
591
558
442
237
219
223
255
478
570
581
339
482
547
418
602
590
633
696
653
734
722
602
617
530
489
551
284
269
270
277
314
295
283
290
252
261
429
566
415
506
383
289
349
301
313
284
300
309
328
319
320
298
406
704
516
364
477
508
416
513
324
285
357
381
732
712
713
605
615
553
489
516
604
593
1116
846
1022
659
700
759
458
835
1124
821
779
393
637
690
439
491
347
415
323
311
305
287
315
318
504
621
650
506
264
220
229
223
255
364
530
552
393
438
527
517
560
720
573
669
787
757
610
623
574
495
425
432
275
268
275
277
284
300
328
369
332
436
464
516
505
506
449
421
292
359
323
373
406
511
385
389
464
363
620
680
531
584
394
433
658
662
371
473
382
484
356
469
956
1108
1206
847
726
595
719
764
767
915
836
861
1039
1058
871
570
632
667
490
434
700
694
890
918
425
416
396
398
325
338
340
335
249
268
341
337
269
208
249
225
400
398
457
624
575
442
353
538
559
426
636
658
644
632
587
535
514
501
516
499
271
282
333
308
298
340
331
412
582
449
478
513
598
430
389
379
459
397
450
538
489
472
455
487
396
415
575
608
457
452
602
606
735
593
769
442
575
665
814
955
764
884
778
618
644
644
771
663
693
759
693
800
1127
924
724
571
724
677
458
533
963
840
820
634
757
828
546
540
462
285
324
320
314
357
222
247
254
202
207
265
240
353
517
649
590
384
363
507
568
348
569
550
524
573
552
629
532
504
534
614
290
311
336
307
330
335
337
452
622
497
589
435
656
413
475
522
362
600
519
623
474
450
530
674
593
648
585
549
629
525
728
686
781
819
619
635
1125
812
491
586
527
556
607
643
614
658
678
656
599
626
684
715
805
883
727
860
855
589
692
454
573
706
775
780
896
505
447
464
522
502
365
371
284
258
298
219
203
199
215
210
278
367
618
620
626
456
349
523
624
495
590
538
532
604
587
687
572
537
491
580
294
347
383
340
400
494
513
444
464
656
512
540
545
413
542
458
426
421
646
572
677
700
557
428
334
380
581
499
528
899
646
640
735
770
541
820
839
810
662
503
643
653
710
821
804
684
757
700
667
598
618
729
822
905
863
690
904
653
386
696
621
679
749
901
834
812
841
714
585
344
509
572
363
334
309
220
199
195
214
249
317
450
553
547
515
367
480
472
449
489
502
560
533
449
520
531
612
505
547
544
299
376
380
478
489
737
563
629
644
510
656
549
519
444
578
458
596
558
491
780
562
619
451
341
327
354
403
396
649
412
491
704
703
434
673
782
633
1007
607
619
637
893
861
887
955
917
924
863
663
595
812
691
969
901
894
687
584
527
453
717
833
727
776
794
901
713
481
635
447
416
471
492
506
357
211
199
193
195
199
242
290
432
466
564
493
338
482
295
257
330
463
551
587
487
507
621
609
522
628
621
402
371
609
544
601
597
690
712
469
677
652
529
574
486
850
683
641
586
565
604
385
446
309
338
304
323
408
334
380
436
431
783
519
575
592
591
592
697
804
925
1138
1102
1007
1021
867
924
953
952
1114
654
543
818
1130
979
864
709
690
624
626
395
548
411
576
687
681
722
837
590
533
496
480
355
291
259
263
191
205
283
263
246
230
266
418
514
504
424
295
297
366
482
499
503
434
457
530
575
493
587
642
631
551
663
556
564
525
660
621
829
526
656
633
653
633
764
562
726
762
649
642
451
330
359
325
252
281
307
450
494
421
761
621
955
643
575
741
716
940
652
640
736
1354
1447
1540
1805
1833
1303
1263
1099
1100
973
709
706
489
569
534
711
787
475
549
478
563
307
457
440
587
850
571
621
487
538
360
291
266
284
212
225
286
228
341
344
355
274
285
510
395
284
268
348
318
465
504
484
420
472
436
483
477
679
617
577